/*
 * Copyright © 2018, VideoLAN and dav1d authors
 * Copyright © 2018, Two Orioles, LLC
 * All rights reserved.
 *
 * Redistribution and use in source and binary forms, with or without
 * modification, are permitted provided that the following conditions are met:
 *
 * 1. Redistributions of source code must retain the above copyright notice, this
 *    list of conditions and the following disclaimer.
 *
 * 2. Redistributions in binary form must reproduce the above copyright notice,
 *    this list of conditions and the following disclaimer in the documentation
 *    and/or other materials provided with the distribution.
 *
 * THIS SOFTWARE IS PROVIDED BY THE COPYRIGHT HOLDERS AND CONTRIBUTORS "AS IS" AND
 * ANY EXPRESS OR IMPLIED WARRANTIES, INCLUDING, BUT NOT LIMITED TO, THE IMPLIED
 * WARRANTIES OF MERCHANTABILITY AND FITNESS FOR A PARTICULAR PURPOSE ARE
 * DISCLAIMED. IN NO EVENT SHALL THE COPYRIGHT OWNER OR CONTRIBUTORS BE LIABLE FOR
 * ANY DIRECT, INDIRECT, INCIDENTAL, SPECIAL, EXEMPLARY, OR CONSEQUENTIAL DAMAGES
 * (INCLUDING, BUT NOT LIMITED TO, PROCUREMENT OF SUBSTITUTE GOODS OR SERVICES;
 * LOSS OF USE, DATA, OR PROFITS; OR BUSINESS INTERRUPTION) HOWEVER CAUSED AND
 * ON ANY THEORY OF LIABILITY, WHETHER IN CONTRACT, STRICT LIABILITY, OR TORT
 * (INCLUDING NEGLIGENCE OR OTHERWISE) ARISING IN ANY WAY OUT OF THE USE OF THIS
 * SOFTWARE, EVEN IF ADVISED OF THE POSSIBILITY OF SUCH DAMAGE.
 */

#include "config.h"


#include "common/attributes.h"

#include "src/qm.h"

static const uint8_t qm_tbl_4x4[15][2][16] = {
    {
        {
             32,  43,  73,  97,  43,  67,  94, 110,  73,  94, 137, 150,  97, 110, 150, 200,
        }, {
             35,  46,  57,  66,  46,  60,  69,  71,  57,  69,  90,  90,  66,  71,  90, 109,
        },
    }, {
        {
             32,  41,  69,  92,  41,  63,  88, 103,  69,  88, 127, 140,  92, 103, 140, 184,
        }, {
             33,  45,  56,  64,  45,  58,  66,  69,  56,  66,  86,  87,  64,  69,  87, 105,
        },
    }, {
        {
             32,  38,  63,  86,  38,  56,  78,  97,  63,  78, 113, 130,  86,  97, 130, 169,
        }, {
             32,  45,  53,  63,  45,  55,  62,  67,  53,  62,  80,  84,  63,  67,  84, 101,
        },
    }, {
        {
             32,  37,  58,  81,  37,  54,  72,  91,  58,  72, 102, 121,  81,  91, 121, 156,
        }, {
             32,  45,  51,  61,  45,  54,  59,  65,  51,  59,  75,  81,  61,  65,  81,  97,
        },
    }, {
        {
             32,  34,  53,  75,  34,  49,  64,  81,  53,  64,  91, 112,  75,  81, 112, 140,
        }, {
             32,  46,  49,  58,  46,  53,  55,  62,  49,  55,  70,  78,  58,  62,  78,  91,
        },
    }, {
        {
             32,  34,  49,  72,  34,  48,  60,  79,  49,  60,  82, 104,  72,  79, 104, 134,
        }, {
             32,  46,  47,  57,  46,  53,  54,  60,  47,  54,  66,  75,  57,  60,  75,  89,
        },
    }, {
        {
             32,  33,  45,  62,  33,  39,  51,  64,  45,  51,  71,  87,  62,  64,  87, 108,
        }, {
             31,  42,  47,  53,  42,  48,  50,  54,  47,  50,  61,  67,  53,  54,  67,  78,
        },
    }, {
        {
             32,  33,  42,  55,  33,  38,  46,  57,  42,  46,  63,  75,  55,  57,  75,  92,
        }, {
             31,  41,  46,  51,  41,  48,  48,  51,  46,  48,  58,  62,  51,  51,  62,  71,
        },
    }, {
        {
             32,  32,  38,  51,  32,  35,  40,  49,  38,  40,  54,  64,  51,  49,  64,  81,
        }, {
             31,  38,  47,  49,  38,  47,  46,  46,  47,  46,  54,  57,  49,  46,  57,  66,
        },
    }, {
        {
             32,  32,  35,  43,  32,  34,  37,  43,  35,  37,  48,  54,  43,  43,  54,  65,
        }, {
             31,  37,  47,  47,  37,  44,  47,  45,  47,  47,  53,  53,  47,  45,  53,  59,
        },
    }, {
        {
             32,  32,  34,  38,  32,  33,  35,  39,  34,  35,  39,  45,  38,  39,  45,  54,
        }, {
             31,  34,  42,  47,  34,  39,  45,  46,  42,  45,  48,  49,  47,  46,  49,  54,
        },
    }, {
        {
             32,  32,  32,  35,  32,  32,  33,  35,  32,  33,  35,  38,  35,  35,  38,  46,
        }, {
             31,  32,  38,  46,  32,  34,  41,  46,  38,  41,  47,  47,  46,  46,  47,  52,
        },
    }, {
        {
             31,  32,  32,  32,  32,  32,  32,  33,  32,  32,  33,  34,  32,  33,  34,  35,
        }, {
             31,  31,  34,  38,  31,  32,  35,  40,  34,  35,  39,  43,  38,  40,  43,  47,
        },
    }, {
        {
             31,  31,  31,  32,  31,  32,  32,  32,  31,  32,  32,  32,  32,  32,  32,  33,
        }, {
             31,  31,  31,  34,  31,  31,  31,  35,  31,  31,  32,  35,  34,  35,  35,  39,
        },
    }, {
        {
             31,  31,  31,  31,  31,  32,  32,  32,  31,  32,  32,  32,  31,  32,  32,  32,
        }, {
             31,  31,  31,  31,  31,  31,  31,  31,  31,  31,  31,  31,  31,  31,  31,  31,
        },
    },
};

static const uint8_t qm_tbl_4x8[15][2][32] = {
    {
        {
             32,  42,  75,  91,  33,  42,  69,  86,  37,  58,  84,  91,  49,  71, 103, 110,  65,  84, 125, 128,  80,  97, 142, 152,  91, 100, 145, 178, 104, 112, 146, 190,
        }, {
             31,  47,  60,  66,  40,  45,  54,  61,  46,  56,  64,  64,  48,  61,  75,  73,  54,  65,  85,  82,  61,  69,  92,  92,  64,  68,  90, 102,  68,  71,  87, 105,
        },
    }, {
        {
             32,  42,  69,  88,  33,  42,  64,  83,  36,  56,  77,  88,  46,  67,  93, 105,  60,  79, 112, 122,  75,  92, 130, 144,  86,  95, 136, 167,  98, 105, 136, 177,
        }, {
             31,  47,  57,  65,  40,  45,  52,  61,  46,  55,  61,  63,  47,  60,  70,  72,  52,  64,  79,  81,  59,  68,  87,  90,  63,  66,  88,  99,  66,  69,  85, 102,
        },
    }, {
        {
             32,  38,  62,  86,  32,  40,  58,  80,  34,  51,  68,  85,  44,  61,  85, 101,  54,  69,  98, 117,  72,  84, 118, 136,  82,  89, 129, 157,  92,  98, 127, 165,
        }, {
             31,  47,  54,  64,  38,  46,  50,  60,  46,  53,  57,  62,  46,  56,  66,  71,  50,  59,  74,  79,  57,  64,  82,  88,  61,  65,  85,  97,  65,  67,  82,  99,
        },
    }, {
        {
             32,  35,  59,  83,  32,  36,  57,  78,  34,  47,  65,  82,  41,  53,  78,  97,  51,  61,  92, 111,  65,  73, 108, 129,  75,  81, 117, 148,  86,  92, 119, 154,
        }, {
             31,  47,  53,  63,  36,  47,  50,  59,  46,  52,  55,  61,  45,  53,  63,  70,  49,  55,  71,  77,  54,  58,  77,  86,  59,  61,  81,  94,  63,  65,  80,  95,
        },
    }, {
        {
             32,  35,  51,  77,  32,  36,  50,  72,  34,  42,  54,  75,  38,  51,  67,  87,  48,  59,  80, 103,  60,  68,  92, 119,  72,  79, 104, 135,  81,  86, 112, 144,
        }, {
             31,  47,  50,  61,  36,  47,  47,  57,  43,  50,  50,  58,  45,  53,  58,  65,  47,  54,  66,  74,  52,  56,  70,  82,  57,  60,  75,  90,  61,  63,  77,  93,
        },
    }, {
        {
             32,  35,  51,  75,  32,  36,  50,  71,  34,  42,  54,  73,  37,  50,  65,  84,  45,  56,  76,  96,  54,  63,  87, 110,  65,  73,  97, 125,  75,  81, 106, 136,
        }, {
             31,  47,  50,  60,  36,  47,  47,  56,  43,  50,  50,  57,  46,  53,  57,  64,  46,  54,  64,  71,  50,  55,  68,  78,  54,  58,  72,  85,  59,  61,  75,  90,
        },
    }, {
        {
             32,  34,  43,  62,  32,  34,  42,  59,  33,  37,  44,  58,  35,  43,  54,  68,  41,  48,  64,  79,  49,  54,  71,  91,  57,  60,  78, 101,  66,  68,  86, 111,
        }, {
             31,  42,  47,  54,  33,  44,  45,  51,  40,  47,  46,  50,  47,  50,  54,  57,  45,  49,  59,  64,  48,  50,  61,  70,  51,  52,  63,  75,  55,  55,  66,  79,
        },
    }, {
        {
             32,  32,  42,  56,  32,  33,  41,  53,  32,  35,  42,  52,  34,  37,  50,  59,  38,  40,  58,  68,  44,  45,  66,  78,  50,  50,  71,  86,  61,  58,  79,  97,
        }, {
             31,  38,  47,  52,  32,  40,  45,  49,  39,  47,  45,  48,  44,  47,  51,  53,  46,  47,  56,  58,  47,  46,  59,  64,  48,  47,  61,  68,  53,  50,  64,  73,
        },
    }, {
        {
             32,  32,  37,  52,  32,  33,  36,  49,  32,  34,  38,  49,  34,  37,  44,  54,  35,  38,  49,  60,  40,  42,  55,  69,  46,  46,  59,  76,  52,  51,  64,  83,
        }, {
             31,  38,  47,  50,  31,  40,  46,  48,  36,  44,  47,  47,  42,  47,  50,  50,  47,  48,  53,  54,  46,  46,  54,  60,  48,  46,  55,  64,  50,  48,  56,  67,
        },
    }, {
        {
             31,  32,  35,  43,  32,  33,  34,  41,  32,  34,  36,  42,  32,  35,  38,  42,  34,  37,  43,  49,  37,  40,  49,  56,  42,  43,  53,  63,  46,  46,  56,  67,
        }, {
             31,  38,  47,  48,  31,  40,  46,  45,  35,  43,  47,  46,  39,  47,  47,  45,  43,  47,  50,  50,  47,  47,  53,  55,  46,  46,  53,  58,  48,  46,  54,  59,
        },
    }, {
        {
             31,  32,  34,  39,  32,  32,  34,  38,  32,  33,  34,  38,  32,  33,  36,  40,  33,  34,  38,  42,  34,  36,  41,  47,  37,  38,  44,  52,  40,  40,  46,  56,
        }, {
             31,  34,  42,  48,  31,  35,  42,  46,  33,  37,  44,  46,  36,  41,  46,  46,  40,  44,  48,  48,  45,  46,  49,  51,  47,  47,  50,  54,  47,  46,  49,  55,
        },
    }, {
        {
             31,  31,  32,  35,  32,  32,  32,  35,  32,  32,  33,  34,  32,  32,  34,  36,  32,  33,  35,  38,  33,  33,  36,  40,  34,  34,  37,  42,  35,  34,  38,  48,
        }, {
             31,  31,  37,  48,  31,  31,  38,  47,  31,  32,  40,  46,  34,  36,  43,  47,  37,  39,  46,  47,  39,  41,  47,  48,  42,  43,  47,  50,  48,  46,  48,  53,
        },
    }, {
        {
             31,  31,  32,  32,  31,  32,  32,  32,  32,  32,  32,  32,  32,  32,  32,  33,  32,  32,  33,  34,  32,  32,  34,  34,  32,  33,  34,  35,  33,  33,  35,  36,
        }, {
             31,  31,  35,  37,  31,  31,  36,  38,  31,  32,  37,  39,  31,  32,  37,  40,  34,  36,  40,  43,  35,  37,  42,  44,  38,  40,  45,  47,  41,  42,  45,  47,
        },
    }, {
        {
             31,  31,  31,  32,  31,  32,  32,  32,  31,  32,  32,  32,  31,  32,  32,  32,  31,  32,  32,  32,  31,  32,  32,  33,  32,  32,  32,  33,  32,  32,  32,  33,
        }, {
             31,  31,  31,  34,  31,  31,  31,  35,  31,  31,  31,  35,  31,  32,  32,  36,  31,  32,  32,  36,  31,  33,  33,  37,  34,  36,  36,  40,  34,  36,  36,  40,
        },
    }, {
        {
             31,  31,  31,  31,  31,  31,  31,  31,  31,  32,  32,  32,  31,  32,  32,  32,  31,  32,  32,  32,  31,  32,  32,  32,  31,  32,  32,  32,  31,  32,  32,  32,
        }, {
             31,  31,  31,  31,  31,  31,  31,  31,  31,  31,  31,  31,  31,  31,  31,  31,  31,  31,  31,  31,  31,  31,  31,  31,  31,  31,  32,  32,  30,  31,  32,  32,
        },
    },
};

static const uint8_t qm_tbl_4x16[15][2][64] = {
    {
        {
             31,  44,  79,  96,  32,  41,  72,  90,  32,  42,  71,  86,  34,  48,  73,  83,
             34,  54,  78,  89,  41,  63,  90,  95,  45,  67,  96, 102,  54,  75, 110, 111,
             60,  79, 118, 123,  72,  90, 133, 135,  75,  92, 136, 149,  83, 100, 142, 160,
             88, 100, 140, 173,  94, 101, 144, 180, 101, 108, 141, 188, 108, 115, 151, 197,
        }, {
             31,  49,  63,  69,  32,  45,  57,  65,  36,  46,  56,  62,  43,  49,  57,  60,
             46,  53,  60,  63,  45,  58,  67,  66,  46,  59,  71,  70,  50,  62,  78,  74,
             52,  64,  82,  80,  57,  67,  89,  85,  59,  68,  90,  91,  62,  71,  91,  96,
             63,  69,  89, 101,  65,  68,  89, 103,  67,  70,  86, 105,  69,  72,  88, 107,
        },
    }, {
        {
             31,  44,  73,  93,  32,  41,  67,  87,  32,  42,  65,  83,  33,  44,  66,  81,
             34,  54,  74,  86,  37,  58,  79,  92,  44,  66,  90,  98,  49,  71,  99, 107,
             56,  77, 107, 117,  65,  84, 119, 129,  72,  90, 127, 141,  78,  95, 133, 151,
             84,  95, 132, 163,  89,  95, 136, 169,  95, 101, 132, 175, 101, 108, 141, 183,
        }, {
             31,  49,  61,  69,  32,  45,  55,  64,  36,  46,  54,  61,  41,  47,  54,  59,
             46,  53,  59,  62,  46,  56,  62,  65,  46,  59,  68,  68,  48,  61,  73,  73,
             51,  63,  77,  78,  54,  65,  82,  84,  57,  67,  86,  89,  60,  69,  88,  93,
             62,  67,  86,  98,  64,  66,  87, 100,  65,  68,  83, 102,  67,  70,  86, 103,
        },
    }, {
        {
             31,  39,  65,  90,  32,  38,  60,  84,  32,  39,  59,  81,  33,  40,  58,  78,
             34,  47,  65,  83,  37,  54,  73,  89,  41,  58,  79,  94,  46,  62,  86, 102,
             53,  68,  97, 112,  60,  73, 105, 123,  65,  78, 111, 134,  74,  85, 120, 143,
             79,  90, 125, 154,  84,  90, 128, 158,  89,  95, 124, 164,  94, 101, 131, 170,
        }, {
             31,  48,  57,  68,  32,  46,  53,  63,  36,  46,  51,  60,  40,  46,  50,  58,
             44,  51,  54,  61,  46,  54,  60,  64,  45,  56,  64,  67,  47,  57,  68,  71,
             49,  58,  73,  77,  52,  60,  76,  82,  54,  62,  79,  87,  58,  64,  82,  91,
             60,  66,  84,  95,  62,  64,  84,  97,  64,  66,  81,  99,  65,  68,  83, 100,
        },
    }, {
        {
             31,  36,  62,  88,  32,  35,  58,  82,  32,  36,  57,  79,  33,  38,  56,  76,
             34,  42,  61,  81,  34,  48,  66,  85,  39,  51,  74,  91,  44,  56,  82,  98,
             49,  60,  90, 107,  54,  63,  95, 117,  60,  68, 102, 127,  68,  75, 110, 135,
             75,  81, 117, 145,  79,  85, 120, 148,  84,  89, 116, 153,  88,  94, 123, 159,
        }, {
             31,  48,  56,  67,  32,  46,  52,  62,  35,  47,  50,  60,  40,  47,  49,  57,
             43,  50,  53,  60,  46,  53,  56,  63,  45,  53,  61,  66,  46,  54,  65,  70,
             48,  54,  70,  75,  50,  55,  72,  80,  52,  56,  75,  85,  56,  59,  79,  89,
             58,  61,  81,  93,  60,  63,  82,  94,  62,  64,  79,  96,  63,  66,  81,  97,
        },
    }, {
        {
             31,  36,  53,  81,  32,  35,  51,  76,  32,  35,  49,  73,  32,  37,  49,  71,
             33,  41,  53,  74,  34,  48,  60,  80,  37,  50,  65,  85,  41,  53,  71,  91,
             45,  56,  76,  98,  49,  60,  82, 105,  54,  63,  87, 112,  61,  69,  93, 121,
             68,  75, 100, 130,  74,  80, 105, 137,  78,  84, 109, 142,  83,  88, 114, 148,
        }, {
             31,  48,  52,  64,  31,  47,  49,  60,  33,  46,  48,  57,  38,  47,  47,  56,
             42,  49,  50,  57,  46,  53,  54,  61,  46,  53,  57,  64,  45,  53,  61,  68,
             46,  54,  64,  71,  48,  54,  66,  75,  50,  55,  68,  78,  52,  57,  71,  83,
             56,  59,  73,  87,  58,  61,  75,  90,  60,  62,  76,  92,  62,  64,  78,  94,
        },
    }, {
        {
             31,  36,  53,  79,  32,  35,  51,  75,  32,  34,  49,  72,  32,  36,  50,  71,
             33,  38,  49,  69,  34,  42,  54,  73,  34,  48,  60,  78,  37,  50,  65,  84,
             41,  53,  71,  90,  45,  56,  76,  96,  49,  60,  82, 103,  54,  63,  87, 110,
             60,  68,  92, 118,  65,  73,  97, 125,  72,  79, 104, 133,  75,  81, 106, 136,
        }, {
             31,  48,  52,  63,  31,  47,  50,  60,  32,  46,  48,  57,  36,  47,  47,  56,
             40,  47,  47,  54,  43,  50,  50,  57,  46,  53,  54,  60,  46,  53,  57,  64,
             45,  53,  61,  67,  46,  54,  64,  71,  48,  54,  66,  75,  50,  55,  68,  78,
             52,  56,  70,  82,  54,  58,  72,  85,  57,  60,  75,  89,  59,  61,  75,  90,
        },
    }, {
        {
             31,  34,  44,  65,  32,  34,  43,  62,  32,  33,  41,  59,  32,  35,  43,  59,
             32,  37,  43,  58,  34,  39,  48,  63,  34,  42,  53,  67,  36,  44,  57,  71,
             39,  46,  60,  76,  42,  48,  64,  81,  45,  51,  67,  85,  50,  54,  72,  92,
             54,  58,  76,  98,  60,  63,  80, 105,  66,  68,  85, 111,  73,  74,  91, 118,
        }, {
             31,  42,  49,  57,  31,  42,  47,  54,  32,  42,  45,  52,  35,  45,  46,  51,
             40,  47,  46,  50,  43,  48,  49,  53,  46,  50,  53,  56,  46,  50,  55,  58,
             46,  49,  57,  61,  46,  49,  59,  64,  47,  50,  60,  67,  48,  50,  61,  71,
             50,  52,  63,  73,  52,  53,  64,  76,  55,  55,  66,  79,  58,  58,  68,  82,
        },
    }, {
        {
             31,  32,  44,  58,  32,  32,  42,  55,  32,  33,  41,  53,  32,  34,  42,  53,
             32,  34,  42,  53,  32,  35,  42,  52,  34,  37,  48,  57,  35,  38,  54,  63,
             37,  40,  57,  67,  39,  41,  60,  70,  41,  43,  63,  74,  45,  46,  67,  79,
             50,  50,  71,  86,  54,  53,  74,  90,  57,  56,  77,  93,  61,  58,  79,  97,
        }, {
             31,  37,  49,  54,  31,  38,  47,  51,  32,  40,  45,  49,  34,  42,  45,  49,
             37,  44,  45,  48,  39,  47,  45,  48,  42,  47,  49,  51,  47,  48,  53,  55,
             46,  47,  55,  58,  46,  46,  57,  60,  46,  46,  58,  62,  47,  46,  59,  65,
             48,  47,  61,  68,  50,  48,  62,  70,  51,  49,  63,  71,  53,  50,  64,  73,
        },
    }, {
        {
             31,  32,  38,  53,  32,  32,  37,  51,  32,  32,  36,  49,  32,  33,  36,  49,
             32,  34,  38,  50,  32,  35,  39,  49,  33,  36,  41,  51,  34,  37,  44,  54,
             35,  38,  49,  60,  37,  40,  51,  63,  38,  40,  52,  65,  42,  43,  56,  71,
             45,  45,  58,  75,  47,  47,  60,  77,  51,  50,  63,  82,  55,  54,  67,  87,
        }, {
             31,  37,  48,  52,  31,  38,  47,  50,  31,  39,  46,  48,  32,  40,  46,  48,
             35,  43,  46,  47,  39,  47,  47,  47,  40,  47,  48,  48,  42,  47,  50,  50,
             47,  48,  53,  54,  47,  47,  53,  56,  46,  47,  54,  57,  46,  46,  55,  61,
             47,  46,  55,  63,  48,  47,  55,  64,  49,  47,  56,  66,  51,  49,  57,  68,
        },
    }, {
        {
             31,  32,  36,  44,  32,  32,  35,  42,  32,  32,  35,  41,  32,  33,  34,  41,
             32,  34,  36,  42,  32,  34,  36,  42,  32,  35,  38,  42,  33,  36,  40,  44,
             34,  37,  42,  48,  35,  38,  47,  52,  35,  38,  48,  54,  38,  40,  50,  58,
             40,  41,  51,  60,  42,  43,  53,  63,  45,  45,  56,  66,  46,  46,  56,  67,
        }, {
             31,  37,  48,  49,  31,  38,  47,  47,  31,  39,  46,  46,  31,  40,  46,  45,
             34,  42,  47,  45,  35,  43,  47,  46,  39,  47,  47,  45,  40,  47,  48,  47,
             42,  47,  50,  49,  46,  48,  52,  53,  47,  48,  53,  53,  47,  47,  53,  56,
             47,  46,  53,  57,  46,  46,  53,  58,  48,  46,  54,  59,  48,  46,  54,  59,
        },
    }, {
        {
             31,  32,  34,  39,  32,  32,  34,  38,  32,  32,  34,  38,  32,  32,  33,  37,
             32,  32,  33,  37,  32,  33,  35,  39,  32,  33,  35,  39,  32,  34,  37,  40,
             32,  34,  37,  40,  34,  35,  39,  45,  34,  35,  39,  45,  35,  36,  43,  51,
             35,  36,  43,  51,  38,  39,  45,  54,  38,  39,  45,  54,  42,  42,  48,  58,
        }, {
             31,  33,  42,  48,  31,  34,  42,  47,  31,  34,  42,  47,  31,  35,  42,  45,
             31,  35,  42,  45,  34,  39,  45,  46,  34,  39,  45,  46,  38,  43,  47,  46,
             38,  43,  47,  46,  42,  45,  48,  50,  42,  45,  48,  50,  48,  47,  50,  53,
             48,  47,  50,  53,  47,  46,  50,  54,  47,  46,  50,  54,  47,  45,  49,  56,
        },
    }, {
        {
             31,  31,  32,  36,  31,  32,  32,  35,  32,  32,  32,  35,  32,  32,  32,  35,
             32,  32,  33,  34,  32,  32,  33,  34,  32,  32,  34,  36,  32,  32,  34,  36,
             32,  32,  34,  37,  32,  33,  35,  38,  32,  33,  35,  38,  33,  33,  36,  41,
             34,  34,  37,  42,  34,  34,  37,  44,  35,  34,  38,  48,  35,  34,  38,  48,
        }, {
             31,  31,  37,  48,  31,  31,  38,  47,  31,  31,  38,  47,  31,  32,  39,  46,
             31,  32,  40,  46,  31,  32,  40,  46,  34,  35,  42,  47,  34,  36,  43,  47,
             36,  37,  44,  47,  38,  40,  47,  47,  38,  40,  47,  47,  41,  42,  47,  49,
             42,  43,  47,  50,  44,  44,  47,  51,  48,  46,  48,  53,  48,  46,  48,  53,
        },
    }, {
        {
             31,  31,  32,  32,  31,  32,  32,  32,  31,  32,  32,  32,  31,  32,  32,  32,
             31,  32,  32,  32,  32,  32,  32,  33,  32,  32,  32,  33,  32,  32,  33,  33,
             32,  32,  33,  34,  32,  32,  33,  34,  32,  32,  33,  34,  32,  32,  34,  35,
             32,  33,  34,  35,  32,  33,  34,  35,  33,  33,  35,  36,  34,  34,  36,  37,
        }, {
             31,  31,  35,  37,  31,  31,  35,  38,  31,  31,  36,  38,  31,  31,  36,  38,
             31,  32,  36,  39,  31,  32,  37,  40,  31,  32,  37,  40,  31,  33,  38,  40,
             33,  35,  40,  42,  34,  36,  40,  43,  34,  36,  40,  43,  36,  38,  43,  45,
             38,  40,  45,  47,  38,  40,  45,  47,  39,  41,  45,  47,  42,  43,  46,  47,
        },
    }, {
        {
             31,  31,  31,  32,  31,  31,  31,  32,  31,  32,  32,  32,  31,  32,  32,  32,
             31,  32,  32,  32,  31,  32,  32,  32,  31,  32,  32,  32,  31,  32,  32,  32,
             31,  32,  32,  32,  31,  32,  32,  32,  31,  32,  32,  32,  32,  32,  32,  33,
             32,  32,  32,  33,  32,  32,  32,  33,  32,  32,  32,  33,  32,  32,  32,  33,
        }, {
             31,  31,  31,  34,  31,  31,  31,  34,  31,  31,  31,  35,  31,  31,  31,  35,
             31,  31,  31,  35,  31,  31,  31,  35,  31,  32,  32,  36,  31,  32,  32,  36,
             31,  32,  32,  36,  31,  32,  32,  36,  31,  32,  32,  36,  32,  33,  33,  37,
             33,  35,  35,  39,  34,  36,  36,  40,  34,  36,  36,  40,  34,  36,  36,  40,
        },
    }, {
        {
             31,  31,  31,  31,  31,  31,  31,  31,  31,  31,  31,  31,  31,  31,  32,  32,
             31,  32,  32,  32,  31,  32,  32,  32,  31,  32,  32,  32,  31,  32,  32,  32,
             31,  32,  32,  32,  31,  32,  32,  32,  31,  32,  32,  32,  31,  32,  32,  32,
             31,  32,  32,  32,  31,  32,  32,  32,  31,  32,  32,  32,  31,  32,  32,  32,
        }, {
             31,  31,  31,  31,  31,  31,  31,  31,  31,  31,  31,  31,  31,  31,  31,  31,
             31,  31,  31,  31,  31,  31,  31,  31,  31,  31,  31,  31,  31,  31,  31,  31,
             31,  31,  31,  31,  31,  31,  31,  31,  31,  31,  31,  31,  31,  31,  31,  31,
             31,  31,  31,  32,  31,  31,  32,  32,  31,  31,  32,  32,  30,  31,  32,  32,
        },
    },
};

static const uint8_t qm_tbl_8x4[15][2][32] = {
    {
        {
             32,  33,  37,  49,  65,  80,  91, 104,  42,  42,  58,  71,  84,  97, 100, 112,  75,  69,  84, 103, 125, 142, 145, 146,  91,  86,  91, 110, 128, 152, 178, 190,
        }, {
             31,  40,  46,  48,  54,  61,  64,  68,  47,  45,  56,  61,  65,  69,  68,  71,  60,  54,  64,  75,  85,  92,  90,  87,  66,  61,  64,  73,  82,  92, 102, 105,
        },
    }, {
        {
             32,  33,  36,  46,  60,  75,  86,  98,  42,  42,  56,  67,  79,  92,  95, 105,  69,  64,  77,  93, 112, 130, 136, 136,  88,  83,  88, 105, 122, 144, 167, 177,
        }, {
             31,  40,  46,  47,  52,  59,  63,  66,  47,  45,  55,  60,  64,  68,  66,  69,  57,  52,  61,  70,  79,  87,  88,  85,  65,  61,  63,  72,  81,  90,  99, 102,
        },
    }, {
        {
             32,  32,  34,  44,  54,  72,  82,  92,  38,  40,  51,  61,  69,  84,  89,  98,  62,  58,  68,  85,  98, 118, 129, 127,  86,  80,  85, 101, 117, 136, 157, 165,
        }, {
             31,  38,  46,  46,  50,  57,  61,  65,  47,  46,  53,  56,  59,  64,  65,  67,  54,  50,  57,  66,  74,  82,  85,  82,  64,  60,  62,  71,  79,  88,  97,  99,
        },
    }, {
        {
             32,  32,  34,  41,  51,  65,  75,  86,  35,  36,  47,  53,  61,  73,  81,  92,  59,  57,  65,  78,  92, 108, 117, 119,  83,  78,  82,  97, 111, 129, 148, 154,
        }, {
             31,  36,  46,  45,  49,  54,  59,  63,  47,  47,  52,  53,  55,  58,  61,  65,  53,  50,  55,  63,  71,  77,  81,  80,  63,  59,  61,  70,  77,  86,  94,  95,
        },
    }, {
        {
             32,  32,  34,  38,  48,  60,  72,  81,  35,  36,  42,  51,  59,  68,  79,  86,  51,  50,  54,  67,  80,  92, 104, 112,  77,  72,  75,  87, 103, 119, 135, 144,
        }, {
             31,  36,  43,  45,  47,  52,  57,  61,  47,  47,  50,  53,  54,  56,  60,  63,  50,  47,  50,  58,  66,  70,  75,  77,  61,  57,  58,  65,  74,  82,  90,  93,
        },
    }, {
        {
             32,  32,  34,  37,  45,  54,  65,  75,  35,  36,  42,  50,  56,  63,  73,  81,  51,  50,  54,  65,  76,  87,  97, 106,  75,  71,  73,  84,  96, 110, 125, 136,
        }, {
             31,  36,  43,  46,  46,  50,  54,  59,  47,  47,  50,  53,  54,  55,  58,  61,  50,  47,  50,  57,  64,  68,  72,  75,  60,  56,  57,  64,  71,  78,  85,  90,
        },
    }, {
        {
             32,  32,  33,  35,  41,  49,  57,  66,  34,  34,  37,  43,  48,  54,  60,  68,  43,  42,  44,  54,  64,  71,  78,  86,  62,  59,  58,  68,  79,  91, 101, 111,
        }, {
             31,  33,  40,  47,  45,  48,  51,  55,  42,  44,  47,  50,  49,  50,  52,  55,  47,  45,  46,  54,  59,  61,  63,  66,  54,  51,  50,  57,  64,  70,  75,  79,
        },
    }, {
        {
             32,  32,  32,  34,  38,  44,  50,  61,  32,  33,  35,  37,  40,  45,  50,  58,  42,  41,  42,  50,  58,  66,  71,  79,  56,  53,  52,  59,  68,  78,  86,  97,
        }, {
             31,  32,  39,  44,  46,  47,  48,  53,  38,  40,  47,  47,  47,  46,  47,  50,  47,  45,  45,  51,  56,  59,  61,  64,  52,  49,  48,  53,  58,  64,  68,  73,
        },
    }, {
        {
             32,  32,  32,  34,  35,  40,  46,  52,  32,  33,  34,  37,  38,  42,  46,  51,  37,  36,  38,  44,  49,  55,  59,  64,  52,  49,  49,  54,  60,  69,  76,  83,
        }, {
             31,  31,  36,  42,  47,  46,  48,  50,  38,  40,  44,  47,  48,  46,  46,  48,  47,  46,  47,  50,  53,  54,  55,  56,  50,  48,  47,  50,  54,  60,  64,  67,
        },
    }, {
        {
             31,  32,  32,  32,  34,  37,  42,  46,  32,  33,  34,  35,  37,  40,  43,  46,  35,  34,  36,  38,  43,  49,  53,  56,  43,  41,  42,  42,  49,  56,  63,  67,
        }, {
             31,  31,  35,  39,  43,  47,  46,  48,  38,  40,  43,  47,  47,  47,  46,  46,  47,  46,  47,  47,  50,  53,  53,  54,  48,  45,  46,  45,  50,  55,  58,  59,
        },
    }, {
        {
             31,  32,  32,  32,  33,  34,  37,  40,  32,  32,  33,  33,  34,  36,  38,  40,  34,  34,  34,  36,  38,  41,  44,  46,  39,  38,  38,  40,  42,  47,  52,  56,
        }, {
             31,  31,  33,  36,  40,  45,  47,  47,  34,  35,  37,  41,  44,  46,  47,  46,  42,  42,  44,  46,  48,  49,  50,  49,  48,  46,  46,  46,  48,  51,  54,  55,
        },
    }, {
        {
             31,  32,  32,  32,  32,  33,  34,  35,  31,  32,  32,  32,  33,  33,  34,  34,  32,  32,  33,  34,  35,  36,  37,  38,  35,  35,  34,  36,  38,  40,  42,  48,
        }, {
             31,  31,  31,  34,  37,  39,  42,  48,  31,  31,  32,  36,  39,  41,  43,  46,  37,  38,  40,  43,  46,  47,  47,  48,  48,  47,  46,  47,  47,  48,  50,  53,
        },
    }, {
        {
             31,  31,  32,  32,  32,  32,  32,  33,  31,  32,  32,  32,  32,  32,  33,  33,  32,  32,  32,  32,  33,  34,  34,  35,  32,  32,  32,  33,  34,  34,  35,  36,
        }, {
             31,  31,  31,  31,  34,  35,  38,  41,  31,  31,  32,  32,  36,  37,  40,  42,  35,  36,  37,  37,  40,  42,  45,  45,  37,  38,  39,  40,  43,  44,  47,  47,
        },
    }, {
        {
             31,  31,  31,  31,  31,  31,  32,  32,  31,  32,  32,  32,  32,  32,  32,  32,  31,  32,  32,  32,  32,  32,  32,  32,  32,  32,  32,  32,  32,  33,  33,  33,
        }, {
             31,  31,  31,  31,  31,  31,  34,  34,  31,  31,  31,  32,  32,  33,  36,  36,  31,  31,  31,  32,  32,  33,  36,  36,  34,  35,  35,  36,  36,  37,  40,  40,
        },
    }, {
        {
             31,  31,  31,  31,  31,  31,  31,  31,  31,  31,  32,  32,  32,  32,  32,  32,  31,  31,  32,  32,  32,  32,  32,  32,  31,  31,  32,  32,  32,  32,  32,  32,
        }, {
             31,  31,  31,  31,  31,  31,  31,  30,  31,  31,  31,  31,  31,  31,  31,  31,  31,  31,  31,  31,  31,  31,  32,  32,  31,  31,  31,  31,  31,  31,  32,  32,
        },
    },
};

static const uint8_t qm_tbl_8x8[15][2][64] = {
    {
        {
             32,  32,  38,  51,  68,  84,  95, 109,  32,  35,  40,  49,  63,  76,  89, 102,  38,  40,  54,  65,  78,  91,  98, 106,  51,  49,  65,  82,  97, 111, 113, 121,
             68,  63,  78,  97, 117, 134, 138, 142,  84,  76,  91, 111, 134, 152, 159, 168,  95,  89,  98, 113, 138, 159, 183, 199, 109, 102, 106, 121, 142, 168, 199, 220,
        }, {
             31,  38,  47,  50,  57,  63,  67,  71,  38,  47,  46,  47,  52,  57,  62,  67,  47,  46,  54,  57,  61,  66,  67,  68,  50,  47,  57,  66,  72,  77,  75,  75,
             57,  52,  61,  72,  82,  88,  86,  84,  63,  57,  66,  77,  88,  96,  95,  95,  67,  62,  67,  75,  86,  95, 104, 107,  71,  67,  68,  75,  84,  95, 107, 113,
        },
    }, {
        {
             32,  32,  37,  47,  62,  78,  90, 102,  32,  35,  39,  46,  58,  72,  84,  96,  37,  39,  51,  60,  71,  84,  93, 100,  47,  46,  60,  73,  87, 100, 106, 113,
             62,  58,  71,  87, 105, 121, 129, 132,  78,  72,  84, 100, 121, 140, 148, 155,  90,  84,  93, 106, 129, 148, 169, 183, 102,  96, 100, 113, 132, 155, 183, 201,
        }, {
             31,  38,  47,  48,  54,  61,  66,  69,  38,  47,  47,  46,  50,  55,  61,  65,  47,  47,  53,  55,  58,  63,  65,  66,  48,  46,  55,  62,  67,  72,  73,  73,
             54,  50,  58,  67,  76,  83,  84,  82,  61,  55,  63,  72,  83,  91,  92,  92,  66,  61,  65,  73,  84,  92, 101, 103,  69,  65,  66,  73,  82,  92, 103, 109,
        },
    }, {
        {
             32,  32,  35,  46,  57,  76,  85,  96,  32,  34,  37,  45,  54,  70,  79,  90,  35,  37,  48,  56,  64,  79,  87,  93,  46,  45,  56,  70,  80,  96, 100, 105,
             57,  54,  64,  80,  93, 111, 121, 122,  76,  70,  79,  96, 111, 134, 138, 144,  85,  79,  87, 100, 121, 138, 156, 168,  96,  90,  93, 105, 122, 144, 168, 184,
        }, {
             31,  36,  47,  48,  52,  60,  64,  67,  36,  43,  47,  46,  49,  55,  59,  63,  47,  47,  53,  54,  55,  60,  63,  64,  48,  46,  54,  61,  65,  70,  71,  71,
             52,  49,  55,  65,  71,  78,  81,  79,  60,  55,  60,  70,  78,  89,  89,  89,  64,  59,  63,  71,  81,  89,  97,  99,  67,  63,  64,  71,  79,  89,  99, 104,
        },
    }, {
        {
             32,  32,  35,  42,  53,  68,  78,  90,  32,  33,  36,  42,  51,  64,  74,  84,  35,  36,  46,  52,  60,  72,  80,  87,  42,  42,  52,  63,  73,  84,  92,  98,
             53,  51,  60,  73,  86, 100, 109, 114,  68,  64,  72,  84, 100, 117, 128, 133,  78,  74,  80,  92, 109, 128, 140, 155,  90,  84,  87,  98, 114, 133, 155, 168,
        }, {
             31,  34,  46,  47,  50,  57,  61,  65,  34,  39,  47,  45,  48,  53,  57,  61,  46,  47,  52,  52,  54,  58,  61,  62,  47,  45,  52,  58,  62,  65,  68,  68,
             50,  48,  54,  62,  68,  73,  77,  76,  57,  53,  58,  65,  73,  82,  86,  86,  61,  57,  61,  68,  77,  86,  91,  95,  65,  61,  62,  68,  76,  86,  95, 100,
        },
    }, {
        {
             32,  32,  34,  39,  50,  62,  76,  84,  32,  33,  35,  40,  48,  59,  71,  79,  34,  35,  39,  46,  53,  63,  74,  81,  39,  40,  46,  56,  65,  75,  86,  92,
             50,  48,  53,  65,  78,  90, 101, 106,  62,  59,  63,  75,  90, 105, 118, 123,  76,  71,  74,  86, 101, 118, 134, 142,  84,  79,  81,  92, 106, 123, 142, 153,
        }, {
             31,  34,  42,  47,  49,  54,  60,  64,  34,  39,  45,  46,  47,  51,  56,  59,  42,  45,  48,  49,  50,  53,  57,  60,  47,  46,  49,  55,  58,  61,  65,  66,
             49,  47,  50,  58,  65,  69,  73,  74,  54,  51,  53,  61,  69,  76,  82,  83,  60,  56,  57,  65,  73,  82,  89,  92,  64,  59,  60,  66,  74,  83,  92,  96,
        },
    }, {
        {
             32,  32,  34,  38,  46,  56,  68,  78,  32,  33,  35,  39,  45,  54,  64,  74,  34,  35,  39,  45,  51,  58,  68,  76,  38,  39,  45,  54,  61,  69,  78,  86,
             46,  45,  51,  61,  71,  80,  90,  99,  56,  54,  58,  69,  80,  92, 103, 113,  68,  64,  68,  78,  90, 103, 117, 128,  78,  74,  76,  86,  99, 113, 128, 140,
        }, {
             31,  34,  42,  47,  48,  52,  57,  61,  34,  39,  45,  46,  46,  49,  53,  57,  42,  45,  48,  49,  50,  52,  55,  58,  47,  46,  49,  54,  56,  58,  61,  64,
             48,  46,  50,  56,  61,  65,  68,  71,  52,  49,  52,  58,  65,  71,  75,  79,  57,  53,  55,  61,  68,  75,  82,  86,  61,  57,  58,  64,  71,  79,  86,  91,
        },
    }, {
        {
             31,  32,  32,  35,  42,  51,  59,  69,  32,  32,  33,  35,  41,  49,  56,  65,  32,  33,  35,  38,  43,  49,  56,  64,  35,  35,  38,  48,  54,  59,  66,  73,
             42,  41,  43,  54,  63,  71,  77,  85,  51,  49,  49,  59,  71,  81,  89,  97,  59,  56,  56,  66,  77,  89,  98, 108,  69,  65,  64,  73,  85,  97, 108, 119,
        }, {
             31,  32,  38,  48,  47,  50,  53,  57,  32,  35,  42,  47,  45,  47,  50,  54,  38,  42,  47,  48,  45,  47,  49,  52,  48,  47,  48,  53,  53,  54,  56,  58,
             47,  45,  45,  53,  58,  61,  63,  65,  50,  47,  47,  54,  61,  66,  69,  72,  53,  50,  49,  56,  63,  69,  73,  77,  57,  54,  52,  58,  65,  72,  77,  82,
        },
    }, {
        {
             31,  32,  32,  34,  38,  46,  52,  63,  32,  32,  32,  34,  37,  44,  49,  59,  32,  32,  35,  37,  40,  45,  49,  58,  34,  34,  37,  42,  47,  52,  56,  65,
             38,  37,  40,  47,  54,  60,  65,  73,  46,  44,  45,  52,  60,  69,  75,  84,  52,  49,  49,  56,  65,  75,  82,  92,  63,  59,  58,  65,  73,  84,  92, 105,
        }, {
             31,  31,  38,  44,  47,  48,  50,  55,  31,  32,  40,  44,  45,  46,  47,  52,  38,  40,  47,  47,  46,  46,  47,  50,  44,  44,  47,  50,  51,  51,  52,  54,
             47,  45,  46,  51,  54,  56,  57,  60,  48,  46,  46,  51,  56,  61,  63,  66,  50,  47,  47,  52,  57,  63,  66,  70,  55,  52,  50,  54,  60,  66,  70,  76,
        },
    }, {
        {
             31,  32,  32,  34,  35,  41,  47,  53,  32,  32,  32,  33,  34,  40,  44,  50,  32,  32,  34,  35,  37,  41,  45,  51,  34,  33,  35,  39,  42,  47,  51,  55,
             35,  34,  37,  42,  48,  53,  57,  61,  41,  40,  41,  47,  53,  60,  65,  70,  47,  44,  45,  51,  57,  65,  71,  77,  53,  50,  51,  55,  61,  70,  77,  85,
        }, {
             31,  31,  35,  42,  48,  47,  49,  51,  31,  32,  36,  42,  46,  45,  46,  48,  35,  36,  41,  45,  47,  45,  46,  48,  42,  42,  45,  48,  50,  49,  50,  51,
             48,  46,  47,  50,  53,  53,  54,  54,  47,  45,  45,  49,  53,  57,  59,  60,  49,  46,  46,  50,  54,  59,  61,  64,  51,  48,  48,  51,  54,  60,  64,  68,
        },
    }, {
        {
             31,  31,  32,  32,  34,  37,  43,  47,  31,  32,  32,  32,  34,  36,  41,  44,  32,  32,  33,  34,  35,  38,  42,  45,  32,  32,  34,  35,  37,  39,  42,  46,
             34,  34,  35,  37,  41,  45,  49,  52,  37,  36,  38,  39,  45,  51,  56,  59,  43,  41,  42,  42,  49,  56,  63,  67,  47,  44,  45,  46,  52,  59,  67,  71,
        }, {
             31,  31,  34,  37,  43,  48,  47,  49,  31,  32,  35,  40,  43,  46,  45,  46,  34,  35,  39,  43,  45,  46,  45,  46,  37,  40,  43,  47,  47,  47,  45,  46,
             43,  43,  45,  47,  49,  50,  50,  50,  48,  46,  46,  47,  50,  53,  55,  55,  47,  45,  45,  45,  50,  55,  58,  60,  49,  46,  46,  46,  50,  55,  60,  61,
        },
    }, {
        {
             31,  31,  32,  32,  33,  34,  37,  41,  31,  32,  32,  32,  33,  34,  36,  39,  32,  32,  32,  33,  34,  35,  37,  40,  32,  32,  33,  34,  35,  36,  38,  41,
             33,  33,  34,  35,  37,  39,  41,  44,  34,  34,  35,  36,  39,  43,  46,  49,  37,  36,  37,  38,  41,  46,  51,  54,  41,  39,  40,  41,  44,  49,  54,  58,
        }, {
             31,  31,  32,  35,  39,  45,  48,  48,  31,  31,  33,  37,  41,  44,  46,  46,  32,  33,  35,  39,  42,  45,  46,  45,  35,  37,  39,  43,  45,  47,  47,  46,
             39,  41,  42,  45,  47,  48,  48,  47,  45,  44,  45,  47,  48,  50,  51,  51,  48,  46,  46,  47,  48,  51,  53,  54,  48,  46,  45,  46,  47,  51,  54,  56,
        },
    }, {
        {
             31,  31,  31,  32,  32,  32,  34,  35,  31,  32,  32,  32,  32,  33,  34,  35,  31,  32,  32,  32,  32,  33,  33,  34,  32,  32,  32,  33,  34,  34,  35,  36,
             32,  32,  32,  34,  35,  35,  36,  38,  32,  33,  33,  34,  35,  36,  38,  40,  34,  34,  33,  35,  36,  38,  39,  42,  35,  35,  34,  36,  38,  40,  42,  48,
        }, {
             31,  31,  30,  34,  36,  39,  42,  48,  31,  31,  31,  34,  37,  40,  42,  47,  30,  31,  32,  35,  39,  41,  42,  46,  34,  34,  35,  39,  42,  44,  45,  47,
             36,  37,  39,  42,  46,  47,  47,  47,  39,  40,  41,  44,  47,  47,  48,  49,  42,  42,  42,  45,  47,  48,  48,  50,  48,  47,  46,  47,  47,  49,  50,  53,
        },
    }, {
        {
             31,  31,  31,  31,  32,  32,  32,  33,  31,  32,  32,  32,  32,  32,  32,  33,  31,  32,  32,  32,  32,  32,  32,  33,  31,  32,  32,  32,  32,  32,  32,  33,
             32,  32,  32,  32,  33,  33,  34,  35,  32,  32,  32,  32,  33,  34,  34,  35,  32,  32,  32,  32,  34,  34,  35,  36,  33,  33,  33,  33,  35,  35,  36,  38,
        }, {
             31,  31,  31,  30,  34,  35,  37,  40,  31,  31,  31,  31,  34,  35,  38,  41,  31,  31,  31,  31,  35,  36,  39,  41,  30,  31,  31,  32,  35,  36,  40,  42,
             34,  34,  35,  35,  39,  40,  43,  44,  35,  35,  36,  36,  40,  41,  44,  45,  37,  38,  39,  40,  43,  44,  47,  47,  40,  41,  41,  42,  44,  45,  47,  48,
        },
    }, {
        {
             31,  31,  31,  31,  31,  31,  32,  32,  31,  32,  32,  32,  32,  32,  32,  32,  31,  32,  32,  32,  32,  32,  32,  32,  31,  32,  32,  32,  32,  32,  32,  32,
             31,  32,  32,  32,  32,  32,  32,  32,  31,  32,  32,  32,  32,  32,  32,  32,  32,  32,  32,  32,  32,  32,  33,  33,  32,  32,  32,  32,  32,  32,  33,  33,
        }, {
             31,  31,  31,  31,  30,  31,  33,  33,  31,  31,  31,  31,  31,  32,  34,  34,  31,  31,  31,  31,  31,  32,  34,  34,  31,  31,  31,  31,  31,  32,  35,  35,
             30,  31,  31,  31,  32,  32,  35,  35,  31,  32,  32,  32,  32,  33,  36,  36,  33,  34,  34,  35,  35,  36,  39,  39,  33,  34,  34,  35,  35,  36,  39,  39,
        },
    }, {
        {
             31,  31,  31,  31,  31,  31,  31,  31,  31,  31,  31,  31,  31,  31,  31,  31,  31,  31,  31,  32,  32,  32,  32,  32,  31,  31,  32,  32,  32,  32,  32,  32,
             31,  31,  32,  32,  32,  32,  32,  32,  31,  31,  32,  32,  32,  32,  32,  32,  31,  31,  32,  32,  32,  32,  32,  32,  31,  31,  32,  32,  32,  32,  32,  32,
        }, {
             31,  31,  31,  31,  31,  31,  31,  30,  31,  31,  31,  31,  31,  31,  31,  31,  31,  31,  31,  31,  31,  31,  31,  31,  31,  31,  31,  31,  31,  31,  31,  31,
             31,  31,  31,  31,  31,  31,  31,  31,  31,  31,  31,  31,  31,  31,  31,  31,  31,  31,  31,  31,  31,  31,  31,  31,  30,  31,  31,  31,  31,  31,  31,  31,
        },
    },
};

static const uint8_t qm_tbl_8x16[15][2][128] = {
    {
        {
             32,  32,  36,  53,  65,  87,  93,  99,  31,  33,  34,  49,  59,  78,  86,  93,
             32,  34,  36,  50,  59,  77,  82,  89,  34,  37,  42,  54,  63,  79,  80,  88,
             36,  38,  48,  60,  68,  84,  86,  90,  44,  43,  53,  71,  79,  95,  94,  97,
             48,  46,  56,  76,  85, 102, 105, 105,  58,  54,  63,  87,  98, 116, 112, 115,
             65,  58,  68,  92, 105, 124, 122, 124,  79,  70,  79, 104, 118, 141, 135, 135,
